
**** 11/22/25 09:22:30 *** PSpice 25.1.0 (14 September 2025) ** ID# 0 ********

 ** Profile: "SCHEMATIC1-串联谐振电路通用曲线"  [ D:\大学文件\课程学习\大二上\电路实验仿真\082肖心亮924110800231（评优）\仿真实验（二


 ****     CIRCUIT DESCRIPTION


******************************************************************************




** Creating circuit file "串联谐振电路通用曲线.cir" 
** WARNING: THIS AUTOMATICALLY GENERATED FILE MAY BE OVERWRITTEN BY SUBSEQUENT SIMULATIONS

*Libraries: 
* Profile Libraries :
* Local Libraries :
* From [PSPICE NETLIST] section of E:\Cadence OrCAD\WorkSpace\cdssetup\OrCAD_PSpice\25.1.0\PSpice.ini file:
.lib "E:\Cadence OrCAD\Cadence\tools\pspice\Library\devparam.txt" 
.lib "E:\Cadence OrCAD\Cadence\tools\pspice\Library\analog.lib" 
.lib "nom.lib" 

*Analysis directives: 
.AC LIN 1000 1 11995
.OPTIONS ADVCONV
.OPTIONS FILEMODELSEARCH
.PROBE64 V(alias(*)) I(alias(*)) W(alias(*)) D(alias(*)) NOISE(alias(*)) 
.INC "..\SCHEMATIC1.net" 



**** INCLUDING SCHEMATIC1.net ****
* source 串联谐振电路通用曲线
R_R         N15074 N14901  200 TC=0,0 
L_L         N14961 0  200m  TC=0,0 
V_V1         N14893 0  AC 5V
+SIN 0V 5V 100 0 0 0
C_C         N14901 N14961  0.022u  TC=0,0 
V_PRINT1         N14893 N15074 0V
          
.PRINT        AC       IM(V_PRINT1)

**** RESUMING 串联谐振电路通用曲线.cir ****
.END

**** 11/22/25 09:22:30 *** PSpice 25.1.0 (14 September 2025) ** ID# 0 ********

 ** Profile: "SCHEMATIC1-串联谐振电路通用曲线"  [ D:\大学文件\课程学习\大二上\电路实验仿真\082肖心亮924110800231（评优）\仿真实验（二


 ****     SMALL SIGNAL BIAS SOLUTION       TEMPERATURE =   27.000 DEG C


******************************************************************************



 NODE   VOLTAGE     NODE   VOLTAGE     NODE   VOLTAGE     NODE   VOLTAGE


(N14893)    0.0000 (N14901)    0.0000 (N14961)    0.0000 (N15074)    0.0000 




    VOLTAGE SOURCE CURRENTS
    NAME         CURRENT

    V_V1         0.000E+00
    V_PRINT1     0.000E+00

    TOTAL POWER DISSIPATION   0.00E+00  WATTS


**** 11/22/25 09:22:30 *** PSpice 25.1.0 (14 September 2025) ** ID# 0 ********

 ** Profile: "SCHEMATIC1-串联谐振电路通用曲线"  [ D:\大学文件\课程学习\大二上\电路实验仿真\082肖心亮924110800231（评优）\仿真实验（二


 ****     AC ANALYSIS                      TEMPERATURE =   27.000 DEG C


******************************************************************************



  FREQ        IM(V_PRINT1)


   1.000E+00   6.912E-07
   1.301E+01   8.989E-06
   2.501E+01   1.729E-05
   3.702E+01   2.559E-05
   4.902E+01   3.390E-05
   6.103E+01   4.221E-05
   7.304E+01   5.053E-05
   8.504E+01   5.885E-05
   9.705E+01   6.718E-05
   1.091E+02   7.553E-05
   1.211E+02   8.388E-05
   1.331E+02   9.225E-05
   1.451E+02   1.006E-04
   1.571E+02   1.090E-04
   1.691E+02   1.174E-04
   1.811E+02   1.259E-04
   1.931E+02   1.343E-04
   2.051E+02   1.428E-04
   2.171E+02   1.513E-04
   2.291E+02   1.598E-04
   2.411E+02   1.683E-04
   2.531E+02   1.769E-04
   2.651E+02   1.855E-04
   2.771E+02   1.941E-04
   2.891E+02   2.028E-04
   3.012E+02   2.115E-04
   3.132E+02   2.202E-04
   3.252E+02   2.289E-04
   3.372E+02   2.377E-04
   3.492E+02   2.465E-04
   3.612E+02   2.554E-04
   3.732E+02   2.643E-04
   3.852E+02   2.733E-04
   3.972E+02   2.822E-04
   4.092E+02   2.913E-04
   4.212E+02   3.004E-04
   4.332E+02   3.095E-04
   4.452E+02   3.187E-04
   4.572E+02   3.279E-04
   4.692E+02   3.372E-04
   4.812E+02   3.465E-04
   4.932E+02   3.559E-04
   5.053E+02   3.654E-04
   5.173E+02   3.749E-04
   5.293E+02   3.845E-04
   5.413E+02   3.941E-04
   5.533E+02   4.038E-04
   5.653E+02   4.136E-04
   5.773E+02   4.234E-04
   5.893E+02   4.334E-04
   6.013E+02   4.434E-04
   6.133E+02   4.534E-04
   6.253E+02   4.636E-04
   6.373E+02   4.738E-04
   6.493E+02   4.842E-04
   6.613E+02   4.946E-04
   6.733E+02   5.051E-04
   6.853E+02   5.156E-04
   6.973E+02   5.263E-04
   7.094E+02   5.371E-04
   7.214E+02   5.480E-04
   7.334E+02   5.590E-04
   7.454E+02   5.700E-04
   7.574E+02   5.812E-04
   7.694E+02   5.925E-04
   7.814E+02   6.040E-04
   7.934E+02   6.155E-04
   8.054E+02   6.271E-04
   8.174E+02   6.389E-04
   8.294E+02   6.508E-04
   8.414E+02   6.629E-04
   8.534E+02   6.750E-04
   8.654E+02   6.873E-04
   8.774E+02   6.998E-04
   8.894E+02   7.124E-04
   9.015E+02   7.251E-04
   9.135E+02   7.380E-04
   9.255E+02   7.511E-04
   9.375E+02   7.643E-04
   9.495E+02   7.777E-04
   9.615E+02   7.913E-04
   9.735E+02   8.050E-04
   9.855E+02   8.189E-04
   9.975E+02   8.330E-04
   1.010E+03   8.473E-04
   1.022E+03   8.618E-04
   1.034E+03   8.765E-04
   1.046E+03   8.914E-04
   1.058E+03   9.065E-04
   1.070E+03   9.219E-04
   1.082E+03   9.375E-04
   1.094E+03   9.533E-04
   1.106E+03   9.693E-04
   1.118E+03   9.856E-04
   1.130E+03   1.002E-03
   1.142E+03   1.019E-03
   1.154E+03   1.036E-03
   1.166E+03   1.054E-03
   1.178E+03   1.071E-03
   1.190E+03   1.089E-03
   1.202E+03   1.107E-03
   1.214E+03   1.126E-03
   1.226E+03   1.145E-03
   1.238E+03   1.164E-03
   1.250E+03   1.184E-03
   1.262E+03   1.204E-03
   1.274E+03   1.224E-03
   1.286E+03   1.245E-03
   1.298E+03   1.266E-03
   1.310E+03   1.288E-03
   1.322E+03   1.310E-03
   1.334E+03   1.332E-03
   1.346E+03   1.355E-03
   1.358E+03   1.378E-03
   1.370E+03   1.402E-03
   1.382E+03   1.426E-03
   1.394E+03   1.451E-03
   1.406E+03   1.477E-03
   1.418E+03   1.503E-03
   1.430E+03   1.529E-03
   1.442E+03   1.557E-03
   1.454E+03   1.584E-03
   1.466E+03   1.613E-03
   1.478E+03   1.642E-03
   1.490E+03   1.672E-03
   1.502E+03   1.702E-03
   1.514E+03   1.734E-03
   1.526E+03   1.766E-03
   1.538E+03   1.799E-03
   1.550E+03   1.833E-03
   1.562E+03   1.868E-03
   1.574E+03   1.904E-03
   1.586E+03   1.940E-03
   1.598E+03   1.978E-03
   1.610E+03   2.017E-03
   1.622E+03   2.057E-03
   1.634E+03   2.098E-03
   1.646E+03   2.140E-03
   1.658E+03   2.184E-03
   1.670E+03   2.229E-03
   1.682E+03   2.276E-03
   1.694E+03   2.324E-03
   1.706E+03   2.373E-03
   1.718E+03   2.425E-03
   1.730E+03   2.478E-03
   1.742E+03   2.532E-03
   1.754E+03   2.589E-03
   1.766E+03   2.648E-03
   1.778E+03   2.709E-03
   1.790E+03   2.772E-03
   1.802E+03   2.838E-03
   1.814E+03   2.906E-03
   1.826E+03   2.977E-03
   1.838E+03   3.051E-03
   1.850E+03   3.128E-03
   1.862E+03   3.208E-03
   1.874E+03   3.292E-03
   1.886E+03   3.379E-03
   1.898E+03   3.471E-03
   1.910E+03   3.567E-03
   1.922E+03   3.667E-03
   1.934E+03   3.772E-03
   1.946E+03   3.883E-03
   1.958E+03   3.999E-03
   1.970E+03   4.121E-03
   1.982E+03   4.250E-03
   1.994E+03   4.386E-03
   2.006E+03   4.530E-03
   2.018E+03   4.682E-03
   2.030E+03   4.844E-03
   2.042E+03   5.015E-03
   2.054E+03   5.198E-03
   2.066E+03   5.393E-03
   2.078E+03   5.601E-03
   2.090E+03   5.824E-03
   2.102E+03   6.063E-03
   2.114E+03   6.320E-03
   2.126E+03   6.598E-03
   2.138E+03   6.897E-03
   2.150E+03   7.222E-03
   2.162E+03   7.575E-03
   2.174E+03   7.960E-03
   2.186E+03   8.380E-03
   2.198E+03   8.842E-03
   2.210E+03   9.349E-03
   2.222E+03   9.910E-03
   2.234E+03   1.053E-02
   2.246E+03   1.122E-02
   2.258E+03   1.199E-02
   2.270E+03   1.284E-02
   2.282E+03   1.380E-02
   2.294E+03   1.486E-02
   2.306E+03   1.605E-02
   2.318E+03   1.734E-02
   2.330E+03   1.875E-02
   2.342E+03   2.022E-02
   2.354E+03   2.169E-02
   2.366E+03   2.305E-02
   2.378E+03   2.415E-02
   2.390E+03   2.484E-02
   2.402E+03   2.498E-02
   2.414E+03   2.458E-02
   2.426E+03   2.370E-02
   2.438E+03   2.250E-02
   2.450E+03   2.113E-02
   2.462E+03   1.971E-02
   2.474E+03   1.834E-02
   2.486E+03   1.705E-02
   2.498E+03   1.586E-02
   2.510E+03   1.479E-02
   2.522E+03   1.382E-02
   2.534E+03   1.296E-02
   2.546E+03   1.218E-02
   2.558E+03   1.148E-02
   2.570E+03   1.085E-02
   2.582E+03   1.028E-02
   2.594E+03   9.762E-03
   2.606E+03   9.293E-03
   2.618E+03   8.866E-03
   2.630E+03   8.476E-03
   2.642E+03   8.118E-03
   2.654E+03   7.788E-03
   2.666E+03   7.485E-03
   2.678E+03   7.204E-03
   2.690E+03   6.943E-03
   2.702E+03   6.701E-03
   2.714E+03   6.476E-03
   2.726E+03   6.265E-03
   2.738E+03   6.068E-03
   2.750E+03   5.884E-03
   2.762E+03   5.710E-03
   2.774E+03   5.547E-03
   2.786E+03   5.394E-03
   2.798E+03   5.249E-03
   2.810E+03   5.111E-03
   2.822E+03   4.982E-03
   2.834E+03   4.858E-03
   2.846E+03   4.742E-03
   2.858E+03   4.630E-03
   2.870E+03   4.525E-03
   2.882E+03   4.424E-03
   2.894E+03   4.328E-03
   2.906E+03   4.236E-03
   2.918E+03   4.148E-03
   2.930E+03   4.064E-03
   2.942E+03   3.984E-03
   2.954E+03   3.907E-03
   2.966E+03   3.833E-03
   2.978E+03   3.762E-03
   2.991E+03   3.694E-03
   3.003E+03   3.628E-03
   3.015E+03   3.565E-03
   3.027E+03   3.504E-03
   3.039E+03   3.445E-03
   3.051E+03   3.389E-03
   3.063E+03   3.334E-03
   3.075E+03   3.281E-03
   3.087E+03   3.230E-03
   3.099E+03   3.181E-03
   3.111E+03   3.133E-03
   3.123E+03   3.087E-03
   3.135E+03   3.043E-03
   3.147E+03   2.999E-03
   3.159E+03   2.957E-03
   3.171E+03   2.917E-03
   3.183E+03   2.877E-03
   3.195E+03   2.839E-03
   3.207E+03   2.802E-03
   3.219E+03   2.765E-03
   3.231E+03   2.730E-03
   3.243E+03   2.696E-03
   3.255E+03   2.663E-03
   3.267E+03   2.630E-03
   3.279E+03   2.599E-03
   3.291E+03   2.568E-03
   3.303E+03   2.538E-03
   3.315E+03   2.509E-03
   3.327E+03   2.481E-03
   3.339E+03   2.453E-03
   3.351E+03   2.426E-03
   3.363E+03   2.399E-03
   3.375E+03   2.374E-03
   3.387E+03   2.348E-03
   3.399E+03   2.324E-03
   3.411E+03   2.300E-03
   3.423E+03   2.276E-03
   3.435E+03   2.253E-03
   3.447E+03   2.231E-03
   3.459E+03   2.209E-03
   3.471E+03   2.187E-03
   3.483E+03   2.166E-03
   3.495E+03   2.146E-03
   3.507E+03   2.126E-03
   3.519E+03   2.106E-03
   3.531E+03   2.087E-03
   3.543E+03   2.068E-03
   3.555E+03   2.049E-03
   3.567E+03   2.031E-03
   3.579E+03   2.013E-03
   3.591E+03   1.996E-03
   3.603E+03   1.978E-03
   3.615E+03   1.962E-03
   3.627E+03   1.945E-03
   3.639E+03   1.929E-03
   3.651E+03   1.913E-03
   3.663E+03   1.897E-03
   3.675E+03   1.882E-03
   3.687E+03   1.867E-03
   3.699E+03   1.852E-03
   3.711E+03   1.838E-03
   3.723E+03   1.823E-03
   3.735E+03   1.809E-03
   3.747E+03   1.795E-03
   3.759E+03   1.782E-03
   3.771E+03   1.769E-03
   3.783E+03   1.755E-03
   3.795E+03   1.742E-03
   3.807E+03   1.730E-03
   3.819E+03   1.717E-03
   3.831E+03   1.705E-03
   3.843E+03   1.693E-03
   3.855E+03   1.681E-03
   3.867E+03   1.669E-03
   3.879E+03   1.658E-03
   3.891E+03   1.646E-03
   3.903E+03   1.635E-03
   3.915E+03   1.624E-03
   3.927E+03   1.613E-03
   3.939E+03   1.603E-03
   3.951E+03   1.592E-03
   3.963E+03   1.582E-03
   3.975E+03   1.572E-03
   3.987E+03   1.562E-03
   3.999E+03   1.552E-03
   4.011E+03   1.542E-03
   4.023E+03   1.532E-03
   4.035E+03   1.523E-03
   4.047E+03   1.513E-03
   4.059E+03   1.504E-03
   4.071E+03   1.495E-03
   4.083E+03   1.486E-03
   4.095E+03   1.477E-03
   4.107E+03   1.468E-03
   4.119E+03   1.460E-03
   4.131E+03   1.451E-03
   4.143E+03   1.443E-03
   4.155E+03   1.434E-03
   4.167E+03   1.426E-03
   4.179E+03   1.418E-03
   4.191E+03   1.410E-03
   4.203E+03   1.402E-03
   4.215E+03   1.394E-03
   4.227E+03   1.387E-03
   4.239E+03   1.379E-03
   4.251E+03   1.371E-03
   4.263E+03   1.364E-03
   4.275E+03   1.357E-03
   4.287E+03   1.349E-03
   4.299E+03   1.342E-03
   4.311E+03   1.335E-03
   4.323E+03   1.328E-03
   4.335E+03   1.321E-03
   4.347E+03   1.314E-03
   4.359E+03   1.308E-03
   4.371E+03   1.301E-03
   4.383E+03   1.294E-03
   4.395E+03   1.288E-03
   4.407E+03   1.281E-03
   4.419E+03   1.275E-03
   4.431E+03   1.269E-03
   4.443E+03   1.263E-03
   4.455E+03   1.256E-03
   4.467E+03   1.250E-03
   4.479E+03   1.244E-03
   4.491E+03   1.238E-03
   4.503E+03   1.232E-03
   4.515E+03   1.226E-03
   4.527E+03   1.221E-03
   4.539E+03   1.215E-03
   4.551E+03   1.209E-03
   4.563E+03   1.204E-03
   4.575E+03   1.198E-03
   4.587E+03   1.193E-03
   4.599E+03   1.187E-03
   4.611E+03   1.182E-03
   4.623E+03   1.177E-03
   4.635E+03   1.171E-03
   4.647E+03   1.166E-03
   4.659E+03   1.161E-03
   4.671E+03   1.156E-03
   4.683E+03   1.151E-03
   4.695E+03   1.146E-03
   4.707E+03   1.141E-03
   4.719E+03   1.136E-03
   4.731E+03   1.131E-03
   4.743E+03   1.126E-03
   4.755E+03   1.121E-03
   4.767E+03   1.117E-03
   4.779E+03   1.112E-03
   4.791E+03   1.107E-03
   4.803E+03   1.103E-03
   4.815E+03   1.098E-03
   4.827E+03   1.094E-03
   4.839E+03   1.089E-03
   4.851E+03   1.085E-03
   4.863E+03   1.080E-03
   4.875E+03   1.076E-03
   4.887E+03   1.072E-03
   4.899E+03   1.067E-03
   4.911E+03   1.063E-03
   4.923E+03   1.059E-03
   4.935E+03   1.055E-03
   4.947E+03   1.051E-03
   4.959E+03   1.047E-03
   4.971E+03   1.042E-03
   4.983E+03   1.038E-03
   4.996E+03   1.034E-03
   5.008E+03   1.030E-03
   5.020E+03   1.027E-03
   5.032E+03   1.023E-03
   5.044E+03   1.019E-03
   5.056E+03   1.015E-03
   5.068E+03   1.011E-03
   5.080E+03   1.007E-03
   5.092E+03   1.004E-03
   5.104E+03   1.000E-03
   5.116E+03   9.964E-04
   5.128E+03   9.927E-04
   5.140E+03   9.891E-04
   5.152E+03   9.855E-04
   5.164E+03   9.820E-04
   5.176E+03   9.785E-04
   5.188E+03   9.750E-04
   5.200E+03   9.715E-04
   5.212E+03   9.681E-04
   5.224E+03   9.647E-04
   5.236E+03   9.613E-04
   5.248E+03   9.579E-04
   5.260E+03   9.546E-04
   5.272E+03   9.513E-04
   5.284E+03   9.480E-04
   5.296E+03   9.448E-04
   5.308E+03   9.415E-04
   5.320E+03   9.383E-04
   5.332E+03   9.351E-04
   5.344E+03   9.320E-04
   5.356E+03   9.288E-04
   5.368E+03   9.257E-04
   5.380E+03   9.226E-04
   5.392E+03   9.196E-04
   5.404E+03   9.165E-04
   5.416E+03   9.135E-04
   5.428E+03   9.105E-04
   5.440E+03   9.075E-04
   5.452E+03   9.046E-04
   5.464E+03   9.016E-04
   5.476E+03   8.987E-04
   5.488E+03   8.958E-04
   5.500E+03   8.930E-04
   5.512E+03   8.901E-04
   5.524E+03   8.873E-04
   5.536E+03   8.845E-04
   5.548E+03   8.817E-04
   5.560E+03   8.789E-04
   5.572E+03   8.761E-04
   5.584E+03   8.734E-04
   5.596E+03   8.707E-04
   5.608E+03   8.680E-04
   5.620E+03   8.653E-04
   5.632E+03   8.627E-04
   5.644E+03   8.600E-04
   5.656E+03   8.574E-04
   5.668E+03   8.548E-04
   5.680E+03   8.522E-04
   5.692E+03   8.496E-04
   5.704E+03   8.471E-04
   5.716E+03   8.445E-04
   5.728E+03   8.420E-04
   5.740E+03   8.395E-04
   5.752E+03   8.370E-04
   5.764E+03   8.345E-04
   5.776E+03   8.321E-04
   5.788E+03   8.296E-04
   5.800E+03   8.272E-04
   5.812E+03   8.248E-04
   5.824E+03   8.224E-04
   5.836E+03   8.200E-04
   5.848E+03   8.177E-04
   5.860E+03   8.153E-04
   5.872E+03   8.130E-04
   5.884E+03   8.107E-04
   5.896E+03   8.084E-04
   5.908E+03   8.061E-04
   5.920E+03   8.038E-04
   5.932E+03   8.015E-04
   5.944E+03   7.993E-04
   5.956E+03   7.971E-04
   5.968E+03   7.948E-04
   5.980E+03   7.926E-04
   5.992E+03   7.904E-04
   6.004E+03   7.883E-04
   6.016E+03   7.861E-04
   6.028E+03   7.839E-04
   6.040E+03   7.818E-04
   6.052E+03   7.797E-04
   6.064E+03   7.776E-04
   6.076E+03   7.755E-04
   6.088E+03   7.734E-04
   6.100E+03   7.713E-04
   6.112E+03   7.692E-04
   6.124E+03   7.672E-04
   6.136E+03   7.651E-04
   6.148E+03   7.631E-04
   6.160E+03   7.611E-04
   6.172E+03   7.591E-04
   6.184E+03   7.571E-04
   6.196E+03   7.551E-04
   6.208E+03   7.531E-04
   6.220E+03   7.512E-04
   6.232E+03   7.492E-04
   6.244E+03   7.473E-04
   6.256E+03   7.453E-04
   6.268E+03   7.434E-04
   6.280E+03   7.415E-04
   6.292E+03   7.396E-04
   6.304E+03   7.377E-04
   6.316E+03   7.359E-04
   6.328E+03   7.340E-04
   6.340E+03   7.322E-04
   6.352E+03   7.303E-04
   6.364E+03   7.285E-04
   6.376E+03   7.267E-04
   6.388E+03   7.248E-04
   6.400E+03   7.230E-04
   6.412E+03   7.212E-04
   6.424E+03   7.195E-04
   6.436E+03   7.177E-04
   6.448E+03   7.159E-04
   6.460E+03   7.142E-04
   6.472E+03   7.124E-04
   6.484E+03   7.107E-04
   6.496E+03   7.090E-04
   6.508E+03   7.072E-04
   6.520E+03   7.055E-04
   6.532E+03   7.038E-04
   6.544E+03   7.021E-04
   6.556E+03   7.005E-04
   6.568E+03   6.988E-04
   6.580E+03   6.971E-04
   6.592E+03   6.955E-04
   6.604E+03   6.938E-04
   6.616E+03   6.922E-04
   6.628E+03   6.905E-04
   6.640E+03   6.889E-04
   6.652E+03   6.873E-04
   6.664E+03   6.857E-04
   6.676E+03   6.841E-04
   6.688E+03   6.825E-04
   6.700E+03   6.809E-04
   6.712E+03   6.794E-04
   6.724E+03   6.778E-04
   6.736E+03   6.762E-04
   6.748E+03   6.747E-04
   6.760E+03   6.731E-04
   6.772E+03   6.716E-04
   6.784E+03   6.701E-04
   6.796E+03   6.686E-04
   6.808E+03   6.670E-04
   6.820E+03   6.655E-04
   6.832E+03   6.640E-04
   6.844E+03   6.625E-04
   6.856E+03   6.611E-04
   6.868E+03   6.596E-04
   6.880E+03   6.581E-04
   6.892E+03   6.567E-04
   6.904E+03   6.552E-04
   6.916E+03   6.538E-04
   6.928E+03   6.523E-04
   6.940E+03   6.509E-04
   6.952E+03   6.495E-04
   6.964E+03   6.480E-04
   6.976E+03   6.466E-04
   6.989E+03   6.452E-04
   7.001E+03   6.438E-04
   7.013E+03   6.424E-04
   7.025E+03   6.410E-04
   7.037E+03   6.396E-04
   7.049E+03   6.383E-04
   7.061E+03   6.369E-04
   7.073E+03   6.355E-04
   7.085E+03   6.342E-04
   7.097E+03   6.328E-04
   7.109E+03   6.315E-04
   7.121E+03   6.302E-04
   7.133E+03   6.288E-04
   7.145E+03   6.275E-04
   7.157E+03   6.262E-04
   7.169E+03   6.249E-04
   7.181E+03   6.236E-04
   7.193E+03   6.223E-04
   7.205E+03   6.210E-04
   7.217E+03   6.197E-04
   7.229E+03   6.184E-04
   7.241E+03   6.171E-04
   7.253E+03   6.158E-04
   7.265E+03   6.146E-04
   7.277E+03   6.133E-04
   7.289E+03   6.121E-04
   7.301E+03   6.108E-04
   7.313E+03   6.096E-04
   7.325E+03   6.083E-04
   7.337E+03   6.071E-04
   7.349E+03   6.059E-04
   7.361E+03   6.046E-04
   7.373E+03   6.034E-04
   7.385E+03   6.022E-04
   7.397E+03   6.010E-04
   7.409E+03   5.998E-04
   7.421E+03   5.986E-04
   7.433E+03   5.974E-04
   7.445E+03   5.962E-04
   7.457E+03   5.951E-04
   7.469E+03   5.939E-04
   7.481E+03   5.927E-04
   7.493E+03   5.915E-04
   7.505E+03   5.904E-04
   7.517E+03   5.892E-04
   7.529E+03   5.881E-04
   7.541E+03   5.869E-04
   7.553E+03   5.858E-04
   7.565E+03   5.846E-04
   7.577E+03   5.835E-04
   7.589E+03   5.824E-04
   7.601E+03   5.813E-04
   7.613E+03   5.801E-04
   7.625E+03   5.790E-04
   7.637E+03   5.779E-04
   7.649E+03   5.768E-04
   7.661E+03   5.757E-04
   7.673E+03   5.746E-04
   7.685E+03   5.735E-04
   7.697E+03   5.724E-04
   7.709E+03   5.714E-04
   7.721E+03   5.703E-04
   7.733E+03   5.692E-04
   7.745E+03   5.681E-04
   7.757E+03   5.671E-04
   7.769E+03   5.660E-04
   7.781E+03   5.650E-04
   7.793E+03   5.639E-04
   7.805E+03   5.629E-04
   7.817E+03   5.618E-04
   7.829E+03   5.608E-04
   7.841E+03   5.597E-04
   7.853E+03   5.587E-04
   7.865E+03   5.577E-04
   7.877E+03   5.567E-04
   7.889E+03   5.556E-04
   7.901E+03   5.546E-04
   7.913E+03   5.536E-04
   7.925E+03   5.526E-04
   7.937E+03   5.516E-04
   7.949E+03   5.506E-04
   7.961E+03   5.496E-04
   7.973E+03   5.486E-04
   7.985E+03   5.476E-04
   7.997E+03   5.466E-04
   8.009E+03   5.457E-04
   8.021E+03   5.447E-04
   8.033E+03   5.437E-04
   8.045E+03   5.427E-04
   8.057E+03   5.418E-04
   8.069E+03   5.408E-04
   8.081E+03   5.398E-04
   8.093E+03   5.389E-04
   8.105E+03   5.379E-04
   8.117E+03   5.370E-04
   8.129E+03   5.361E-04
   8.141E+03   5.351E-04
   8.153E+03   5.342E-04
   8.165E+03   5.332E-04
   8.177E+03   5.323E-04
   8.189E+03   5.314E-04
   8.201E+03   5.305E-04
   8.213E+03   5.295E-04
   8.225E+03   5.286E-04
   8.237E+03   5.277E-04
   8.249E+03   5.268E-04
   8.261E+03   5.259E-04
   8.273E+03   5.250E-04
   8.285E+03   5.241E-04
   8.297E+03   5.232E-04
   8.309E+03   5.223E-04
   8.321E+03   5.214E-04
   8.333E+03   5.205E-04
   8.345E+03   5.196E-04
   8.357E+03   5.188E-04
   8.369E+03   5.179E-04
   8.381E+03   5.170E-04
   8.393E+03   5.161E-04
   8.405E+03   5.153E-04
   8.417E+03   5.144E-04
   8.429E+03   5.135E-04
   8.441E+03   5.127E-04
   8.453E+03   5.118E-04
   8.465E+03   5.110E-04
   8.477E+03   5.101E-04
   8.489E+03   5.093E-04
   8.501E+03   5.084E-04
   8.513E+03   5.076E-04
   8.525E+03   5.068E-04
   8.537E+03   5.059E-04
   8.549E+03   5.051E-04
   8.561E+03   5.043E-04
   8.573E+03   5.034E-04
   8.585E+03   5.026E-04
   8.597E+03   5.018E-04
   8.609E+03   5.010E-04
   8.621E+03   5.002E-04
   8.633E+03   4.994E-04
   8.645E+03   4.985E-04
   8.657E+03   4.977E-04
   8.669E+03   4.969E-04
   8.681E+03   4.961E-04
   8.693E+03   4.953E-04
   8.705E+03   4.945E-04
   8.717E+03   4.937E-04
   8.729E+03   4.930E-04
   8.741E+03   4.922E-04
   8.753E+03   4.914E-04
   8.765E+03   4.906E-04
   8.777E+03   4.898E-04
   8.789E+03   4.890E-04
   8.801E+03   4.883E-04
   8.813E+03   4.875E-04
   8.825E+03   4.867E-04
   8.837E+03   4.860E-04
   8.849E+03   4.852E-04
   8.861E+03   4.844E-04
   8.873E+03   4.837E-04
   8.885E+03   4.829E-04
   8.897E+03   4.822E-04
   8.909E+03   4.814E-04
   8.921E+03   4.807E-04
   8.933E+03   4.799E-04
   8.945E+03   4.792E-04
   8.957E+03   4.784E-04
   8.969E+03   4.777E-04
   8.981E+03   4.770E-04
   8.994E+03   4.762E-04
   9.006E+03   4.755E-04
   9.018E+03   4.748E-04
   9.030E+03   4.740E-04
   9.042E+03   4.733E-04
   9.054E+03   4.726E-04
   9.066E+03   4.719E-04
   9.078E+03   4.712E-04
   9.090E+03   4.704E-04
   9.102E+03   4.697E-04
   9.114E+03   4.690E-04
   9.126E+03   4.683E-04
   9.138E+03   4.676E-04
   9.150E+03   4.669E-04
   9.162E+03   4.662E-04
   9.174E+03   4.655E-04
   9.186E+03   4.648E-04
   9.198E+03   4.641E-04
   9.210E+03   4.634E-04
   9.222E+03   4.627E-04
   9.234E+03   4.620E-04
   9.246E+03   4.613E-04
   9.258E+03   4.607E-04
   9.270E+03   4.600E-04
   9.282E+03   4.593E-04
   9.294E+03   4.586E-04
   9.306E+03   4.579E-04
   9.318E+03   4.573E-04
   9.330E+03   4.566E-04
   9.342E+03   4.559E-04
   9.354E+03   4.553E-04
   9.366E+03   4.546E-04
   9.378E+03   4.539E-04
   9.390E+03   4.533E-04
   9.402E+03   4.526E-04
   9.414E+03   4.520E-04
   9.426E+03   4.513E-04
   9.438E+03   4.507E-04
   9.450E+03   4.500E-04
   9.462E+03   4.494E-04
   9.474E+03   4.487E-04
   9.486E+03   4.481E-04
   9.498E+03   4.474E-04
   9.510E+03   4.468E-04
   9.522E+03   4.461E-04
   9.534E+03   4.455E-04
   9.546E+03   4.449E-04
   9.558E+03   4.442E-04
   9.570E+03   4.436E-04
   9.582E+03   4.430E-04
   9.594E+03   4.423E-04
   9.606E+03   4.417E-04
   9.618E+03   4.411E-04
   9.630E+03   4.405E-04
   9.642E+03   4.398E-04
   9.654E+03   4.392E-04
   9.666E+03   4.386E-04
   9.678E+03   4.380E-04
   9.690E+03   4.374E-04
   9.702E+03   4.368E-04
   9.714E+03   4.362E-04
   9.726E+03   4.355E-04
   9.738E+03   4.349E-04
   9.750E+03   4.343E-04
   9.762E+03   4.337E-04
   9.774E+03   4.331E-04
   9.786E+03   4.325E-04
   9.798E+03   4.319E-04
   9.810E+03   4.313E-04
   9.822E+03   4.307E-04
   9.834E+03   4.302E-04
   9.846E+03   4.296E-04
   9.858E+03   4.290E-04
   9.870E+03   4.284E-04
   9.882E+03   4.278E-04
   9.894E+03   4.272E-04
   9.906E+03   4.266E-04
   9.918E+03   4.261E-04
   9.930E+03   4.255E-04
   9.942E+03   4.249E-04
   9.954E+03   4.243E-04
   9.966E+03   4.238E-04
   9.978E+03   4.232E-04
   9.990E+03   4.226E-04
   1.000E+04   4.220E-04
   1.001E+04   4.215E-04
   1.003E+04   4.209E-04
   1.004E+04   4.203E-04
   1.005E+04   4.198E-04
   1.006E+04   4.192E-04
   1.007E+04   4.187E-04
   1.009E+04   4.181E-04
   1.010E+04   4.175E-04
   1.011E+04   4.170E-04
   1.012E+04   4.164E-04
   1.013E+04   4.159E-04
   1.015E+04   4.153E-04
   1.016E+04   4.148E-04
   1.017E+04   4.142E-04
   1.018E+04   4.137E-04
   1.019E+04   4.131E-04
   1.021E+04   4.126E-04
   1.022E+04   4.121E-04
   1.023E+04   4.115E-04
   1.024E+04   4.110E-04
   1.025E+04   4.104E-04
   1.027E+04   4.099E-04
   1.028E+04   4.094E-04
   1.029E+04   4.088E-04
   1.030E+04   4.083E-04
   1.031E+04   4.078E-04
   1.033E+04   4.073E-04
   1.034E+04   4.067E-04
   1.035E+04   4.062E-04
   1.036E+04   4.057E-04
   1.037E+04   4.052E-04
   1.039E+04   4.046E-04
   1.040E+04   4.041E-04
   1.041E+04   4.036E-04
   1.042E+04   4.031E-04
   1.043E+04   4.026E-04
   1.045E+04   4.021E-04
   1.046E+04   4.015E-04
   1.047E+04   4.010E-04
   1.048E+04   4.005E-04
   1.049E+04   4.000E-04
   1.051E+04   3.995E-04
   1.052E+04   3.990E-04
   1.053E+04   3.985E-04
   1.054E+04   3.980E-04
   1.055E+04   3.975E-04
   1.057E+04   3.970E-04
   1.058E+04   3.965E-04
   1.059E+04   3.960E-04
   1.060E+04   3.955E-04
   1.061E+04   3.950E-04
   1.063E+04   3.945E-04
   1.064E+04   3.940E-04
   1.065E+04   3.935E-04
   1.066E+04   3.930E-04
   1.067E+04   3.925E-04
   1.069E+04   3.921E-04
   1.070E+04   3.916E-04
   1.071E+04   3.911E-04
   1.072E+04   3.906E-04
   1.073E+04   3.901E-04
   1.075E+04   3.896E-04
   1.076E+04   3.892E-04
   1.077E+04   3.887E-04
   1.078E+04   3.882E-04
   1.079E+04   3.877E-04
   1.081E+04   3.872E-04
   1.082E+04   3.868E-04
   1.083E+04   3.863E-04
   1.084E+04   3.858E-04
   1.085E+04   3.854E-04
   1.087E+04   3.849E-04
   1.088E+04   3.844E-04
   1.089E+04   3.839E-04
   1.090E+04   3.835E-04
   1.091E+04   3.830E-04
   1.093E+04   3.826E-04
   1.094E+04   3.821E-04
   1.095E+04   3.816E-04
   1.096E+04   3.812E-04
   1.097E+04   3.807E-04
   1.099E+04   3.803E-04
   1.100E+04   3.798E-04
   1.101E+04   3.793E-04
   1.102E+04   3.789E-04
   1.103E+04   3.784E-04
   1.105E+04   3.780E-04
   1.106E+04   3.775E-04
   1.107E+04   3.771E-04
   1.108E+04   3.766E-04
   1.109E+04   3.762E-04
   1.111E+04   3.757E-04
   1.112E+04   3.753E-04
   1.113E+04   3.749E-04
   1.114E+04   3.744E-04
   1.115E+04   3.740E-04
   1.117E+04   3.735E-04
   1.118E+04   3.731E-04
   1.119E+04   3.726E-04
   1.120E+04   3.722E-04
   1.121E+04   3.718E-04
   1.123E+04   3.713E-04
   1.124E+04   3.709E-04
   1.125E+04   3.705E-04
   1.126E+04   3.700E-04
   1.127E+04   3.696E-04
   1.129E+04   3.692E-04
   1.130E+04   3.687E-04
   1.131E+04   3.683E-04
   1.132E+04   3.679E-04
   1.133E+04   3.675E-04
   1.135E+04   3.670E-04
   1.136E+04   3.666E-04
   1.137E+04   3.662E-04
   1.138E+04   3.658E-04
   1.139E+04   3.653E-04
   1.141E+04   3.649E-04
   1.142E+04   3.645E-04
   1.143E+04   3.641E-04
   1.144E+04   3.637E-04
   1.145E+04   3.633E-04
   1.147E+04   3.628E-04
   1.148E+04   3.624E-04
   1.149E+04   3.620E-04
   1.150E+04   3.616E-04
   1.151E+04   3.612E-04
   1.153E+04   3.608E-04
   1.154E+04   3.604E-04
   1.155E+04   3.600E-04
   1.156E+04   3.596E-04
   1.157E+04   3.592E-04
   1.159E+04   3.587E-04
   1.160E+04   3.583E-04
   1.161E+04   3.579E-04
   1.162E+04   3.575E-04
   1.163E+04   3.571E-04
   1.165E+04   3.567E-04
   1.166E+04   3.563E-04
   1.167E+04   3.559E-04
   1.168E+04   3.555E-04
   1.169E+04   3.551E-04
   1.171E+04   3.547E-04
   1.172E+04   3.543E-04
   1.173E+04   3.540E-04
   1.174E+04   3.536E-04
   1.175E+04   3.532E-04
   1.177E+04   3.528E-04
   1.178E+04   3.524E-04
   1.179E+04   3.520E-04
   1.180E+04   3.516E-04
   1.181E+04   3.512E-04
   1.183E+04   3.508E-04
   1.184E+04   3.504E-04
   1.185E+04   3.501E-04
   1.186E+04   3.497E-04
   1.188E+04   3.493E-04
   1.189E+04   3.489E-04
   1.190E+04   3.485E-04
   1.191E+04   3.481E-04
   1.192E+04   3.478E-04
   1.194E+04   3.474E-04
   1.195E+04   3.470E-04
   1.196E+04   3.466E-04
   1.197E+04   3.463E-04
   1.198E+04   3.459E-04
   1.200E+04   3.455E-04
   1.201E+04   3.451E-04


          JOB CONCLUDED

**** 11/22/25 09:22:30 *** PSpice 25.1.0 (14 September 2025) ** ID# 0 ********

 ** Profile: "SCHEMATIC1-串联谐振电路通用曲线"  [ D:\大学文件\课程学习\大二上\电路实验仿真\082肖心亮924110800231（评优）\仿真实验（二


 ****     JOB STATISTICS SUMMARY


******************************************************************************



  Total job time (using Solver 1)   =         .02
